Matriz 1
5 0 4 9 7 8 6 2 8 8 6 2 2 8 5 7 6 4 3 5 7 1 4 0 4 4 0 6 2 5 2 1 9 2 2 6 5 5 6 5 
6 4 0 3 9 3 1 2 4 7 6 2 3 4 7 5 3 2 2 9 7 6 0 3 7 7 5 6 9 4 4 2 1 4 5 8 7 5 0 4 
2 3 2 3 6 1 9 9 4 6 8 4 4 4 0 5 3 5 2 2 7 0 0 0 4 6 7 1 0 9 8 8 3 1 3 7 8 9 8 7 
2 8 4 3 7 9 7 0 4 0 7 0 9 9 3 4 0 6 6 4 2 2 5 4 7 7 7 2 1 8 0 3 8 0 1 2 0 6 7 6 
0 1 7 7 9 8 1 3 4 7 9 4 6 8 6 2 3 7 0 2 2 0 3 6 0 9 5 2 5 9 8 9 8 4 4 0 9 2 8 4 
5 0 8 6 4 8 0 6 7 6 8 0 1 2 6 9 4 5 4 9 0 5 8 0 5 9 7 3 6 7 6 5 9 5 6 8 4 1 9 0 
1 1 2 7 2 1 3 8 2 0 0 1 4 8 7 1 1 8 8 5 4 8 5 4 4 0 6 0 4 9 3 1 4 3 9 5 4 3 4 9 
5 7 3 6 1 1 7 1 6 8 4 9 8 3 3 6 6 4 3 8 8 3 6 1 3 8 4 8 4 7 6 8 1 3 5 3 3 2 4 1 
4 5 2 3 7 8 8 7 1 7 1 3 0 5 1 2 1 8 5 3 4 7 1 5 6 3 7 4 6 4 8 8 8 6 8 7 4 8 0 1 
7 6 5 4 3 3 7 5 0 3 2 4 7 3 7 8 1 3 8 1 7 6 8 5 5 0 1 5 0 1 7 6 6 6 8 0 6 2 0 5 
0 5 2 4 5 4 7 2 1 1 9 7 0 3 1 0 8 4 1 6 6 0 3 2 2 8 0 0 0 7 5 6 6 7 2 6 7 8 9 9 
8 7 8 1 4 4 7 6 1 2 8 6 5 8 6 1 0 3 0 8 6 9 3 8 0 2 1 5 6 4 6 9 9 4 3 0 7 5 6 1 
7 6 5 7 9 7 1 2 4 4 6 9 6 8 1 1 4 8 3 4 3 1 2 9 6 6 9 0 0 0 9 3 4 6 1 5 7 1 5 8 
7 8 0 4 8 4 1 4 3 7 4 3 2 4 8 4 7 4 1 9 6 9 3 6 6 5 0 6 7 5 3 3 3 9 7 8 4 6 2 7 
9 5 4 4 4 9 0 1 2 2 0 9 9 3 9 6 8 1 5 7 7 8 4 6 9 0 1 6 8 6 4 1 6 8 0 2 5 0 1 9 
6 4 4 2 1 3 5 0 8 7 7 9 4 3 5 8 6 3 4 6 7 4 7 9 5 7 0 6 5 3 6 5 6 7 5 8 7 8 9 4 
7 9 7 5 7 6 1 9 4 2 2 5 7 7 2 4 3 9 3 7 4 5 0 9 3 6 8 6 6 5 7 2 9 6 0 2 1 6 5 6 
1 5 6 8 9 7 9 9 4 0 3 1 5 8 7 1 0 2 2 3 8 7 1 5 6 2 3 8 4 1 4 5 0 3 2 3 6 0 2 4 
5 4 1 9 2 0 2 4 4 9 3 0 8 0 0 4 3 7 4 5 9 6 2 8 8 7 3 7 2 5 7 0 0 9 8 3 1 0 0 4 
7 5 3 3 4 9 7 4 1 4 0 8 6 7 0 0 6 9 1 6 0 9 0 9 1 5 2 2 4 9 4 1 8 2 4 6 9 6 3 4 
2 5 3 8 1 4 1 8 0 0 4 3 5 4 8 2 8 0 9 2 8 9 6 0 3 2 0 0 8 6 4 0 0 7 1 3 0 9 4 4 
3 6 8 3 2 5 1 1 0 4 3 3 4 2 6 0 9 7 5 7 3 6 2 8 1 8 4 9 8 2 2 9 9 1 8 3 3 8 2 0 
2 9 4 0 2 0 5 7 8 0 7 2 8 8 8 7 1 3 8 2 9 6 5 1 5 4 1 5 9 3 7 5 8 9 4 9 6 8 2 9 
6 1 2 9 3 4 5 2 9 3 4 7 8 6 0 9 3 7 1 1 1 0 6 3 5 2 0 4 1 3 0 0 8 3 8 6 4 0 0 0 
1 9 8 5 0 2 3 8 6 1 2 8 8 2 6 8 9 3 6 8 7 0 8 4 6 3 6 6 1 7 3 9 6 4 3 1 6 2 6 2 
3 0 8 8 6 1 2 7 5 7 6 0 4 0 1 4 2 8 4 5 4 6 9 9 7 6 9 0 2 7 9 4 7 5 9 7 8 3 9 5 
3 4 1 7 8 1 7 0 0 9 7 7 2 5 9 0 6 6 0 5 1 9 6 6 8 0 3 2 2 0 2 5 7 9 6 0 6 7 0 1 
0 5 0 3 9 3 8 3 9 6 0 8 8 0 2 9 2 0 7 5 1 0 9 6 8 8 1 6 4 1 8 1 9 6 1 5 4 3 8 5 
3 7 4 7 3 8 2 6 7 0 8 2 2 8 6 0 9 6 3 4 3 0 8 0 1 3 0 3 2 5 7 9 5 2 1 7 3 1 3 8 
7 5 8 4 5 0 7 9 7 2 3 6 6 1 2 8 2 1 9 4 4 6 8 7 0 8 9 4 3 0 5 9 8 2 7 1 5 7 7 3 
4 4 8 6 6 1 8 4 2 6 7 4 0 2 8 7 9 0 4 0 4 4 3 4 7 8 2 3 6 2 3 9 5 1 0 9 7 1 4 2 
0 0 8 9 1 1 2 9 5 8 7 2 6 9 1 6 7 5 1 1 7 0 8 9 2 9 0 8 7 8 3 1 2 7 3 1 7 2 0 2 
4 6 9 4 6 6 1 2 5 1 2 1 5 0 9 3 9 1 8 6 2 5 9 0 9 3 6 7 0 2 3 7 8 3 0 0 2 9 5 9 
3 0 1 6 7 4 5 5 6 2 1 0 2 9 0 4 5 6 6 9 2 5 9 2 4 3 9 4 6 1 4 2 4 5 4 5 2 5 6 0 
4 1 2 7 1 6 6 9 3 5 3 8 6 0 6 6 9 8 6 1 7 8 1 9 4 6 7 7 3 9 2 1 6 5 0 5 7 6 2 6 
3 9 0 8 8 4 5 5 9 9 9 9 1 8 4 4 8 1 4 3 7 7 6 9 7 9 4 7 6 0 0 0 4 0 3 5 4 7 7 8 
4 4 8 5 7 6 7 0 0 4 6 6 3 1 2 8 9 9 6 3 6 7 9 7 9 5 2 8 6 0 3 9 5 6 4 1 4 6 5 6 
8 2 4 2 4 3 4 6 0 4 5 0 6 4 4 8 4 7 5 1 3 1 9 9 0 9 3 6 9 2 5 0 4 7 8 3 8 2 1 1 
9 1 3 3 2 8 9 8 7 6 9 0 3 8 9 3 2 5 6 1 6 0 8 2 7 3 8 7 2 3 9 6 2 2 1 2 2 7 3 8 
9 0 0 5 7 6 4 0 5 0 5 1 6 2 0 2 7 3 2 3 7 6 6 2 1 4 6 0 6 7 7 0 4 7 3 8 3 8 5 3 

Matriz 2
0 1 6 4 0 9 8 4 6 9 2 4 1 9 4 2 7 1 5 2 5 3 6 4 8 2 8 4 6 9 2 9 7 2 9 2 0 1 7 2 
1 8 2 4 8 3 6 2 6 8 3 1 0 1 1 3 9 5 7 3 2 0 1 6 2 3 9 1 2 7 0 7 6 5 3 3 7 7 0 7 
3 0 1 4 7 0 5 1 3 9 7 5 0 6 0 5 8 8 8 8 5 7 9 4 8 4 0 1 5 3 5 3 3 7 3 0 7 1 1 4 
3 9 9 6 2 7 9 3 2 7 0 8 1 8 6 7 5 6 9 5 4 1 3 0 7 4 9 8 3 6 3 2 1 6 4 5 4 6 3 6 
5 9 5 0 6 1 3 1 3 7 9 0 1 5 6 6 5 0 6 9 0 5 5 0 4 0 4 3 0 1 1 1 8 8 6 7 0 4 1 8 
4 2 4 5 7 4 9 8 0 1 8 7 5 9 8 3 0 2 3 1 9 0 3 5 7 4 9 8 5 2 7 0 3 5 4 9 4 2 2 5 
1 8 4 9 6 8 7 4 3 0 8 4 3 6 0 8 2 6 7 0 6 9 9 7 6 4 1 3 1 1 0 7 0 2 8 3 5 2 9 1 
1 3 0 7 5 4 4 3 4 6 3 9 4 5 4 0 3 9 0 6 9 7 6 2 9 7 0 2 1 8 5 2 4 6 1 5 8 9 3 7 
2 8 3 8 2 3 7 1 0 8 2 4 6 5 7 8 9 5 1 2 2 4 4 4 2 7 8 7 9 0 9 1 6 3 0 4 4 5 3 6 
6 4 2 3 8 4 1 8 2 0 1 6 4 0 4 6 4 8 7 2 5 7 1 8 8 7 4 1 0 9 9 8 9 6 9 5 6 5 9 5 
6 1 2 5 5 2 0 5 0 1 4 6 1 2 0 1 7 1 9 6 2 5 2 6 6 4 7 2 5 3 7 4 1 7 5 0 6 2 0 3 
9 8 9 8 8 2 0 3 3 5 8 5 4 6 9 5 1 8 6 7 2 3 5 6 1 8 0 6 5 4 8 6 5 1 5 0 9 2 6 6 
5 8 4 3 3 6 7 2 9 7 4 5 5 4 9 0 9 1 7 5 3 4 5 6 3 2 5 5 8 3 3 5 4 0 2 6 8 0 2 4 
4 6 8 0 6 7 9 7 0 7 4 2 6 0 2 5 2 7 0 1 3 9 3 8 4 2 9 3 0 6 9 2 7 6 8 5 9 9 3 0 
5 9 1 3 9 7 5 6 0 2 0 4 6 4 3 0 1 4 6 9 9 0 9 8 8 9 2 2 1 9 5 2 2 3 6 8 0 1 6 2 
2 9 0 4 0 6 6 4 9 9 2 2 9 6 4 3 2 2 5 6 1 3 4 6 8 2 6 5 1 2 3 4 0 2 3 3 4 6 7 6 
1 8 5 4 8 5 4 9 6 0 2 1 5 8 2 9 5 3 6 0 6 8 4 4 3 5 1 7 3 0 1 3 3 2 5 6 9 1 8 8 
2 1 3 4 5 6 9 8 7 4 4 6 9 0 6 1 6 6 3 1 0 7 9 5 7 1 5 8 8 2 2 4 7 2 6 1 3 7 8 0 
6 9 4 6 0 8 5 5 7 9 3 1 0 2 7 8 8 7 6 6 5 1 1 8 8 4 9 1 0 2 9 2 9 4 4 7 9 3 9 1 
3 0 4 5 8 1 2 9 5 1 7 1 9 9 1 7 7 9 2 6 8 9 3 3 5 1 3 0 1 4 1 1 2 0 1 6 7 9 7 4 
9 6 9 9 8 7 7 0 1 4 8 3 1 8 8 2 9 3 8 2 8 0 0 8 2 7 7 7 4 8 0 2 2 1 2 9 4 6 1 7 
9 5 6 7 1 7 8 3 1 3 9 3 4 0 8 1 6 8 0 7 2 4 0 5 4 4 3 0 1 6 2 1 6 4 8 1 2 5 8 5 
1 8 8 4 3 4 0 6 9 9 6 0 0 2 0 3 8 8 4 0 3 4 4 5 3 2 7 9 5 0 0 9 8 7 1 3 6 3 1 7 
5 8 8 4 3 1 9 4 3 4 2 3 7 2 7 7 3 7 8 7 7 7 2 8 6 1 1 1 3 1 3 5 9 9 6 1 6 2 5 7 
4 4 5 9 8 3 5 1 3 6 9 8 0 0 3 9 9 7 8 7 3 0 0 6 5 8 1 6 8 9 7 5 2 4 3 0 3 6 6 2 
5 0 8 2 5 2 2 0 1 8 0 4 4 2 5 6 6 1 7 2 6 7 3 6 6 5 8 3 2 5 1 2 2 3 0 6 4 9 4 8 
3 2 4 6 4 8 7 6 7 1 6 5 2 2 2 2 4 9 5 9 9 8 1 6 5 5 7 6 9 1 0 0 1 9 5 9 9 2 5 8 
1 5 8 2 5 1 8 5 3 7 7 6 5 1 1 2 7 3 5 6 9 9 3 9 2 8 7 0 7 7 2 3 3 6 3 2 5 4 9 7 
5 5 4 9 8 1 1 4 2 8 7 2 5 1 3 9 7 3 3 6 4 6 6 5 2 9 5 2 2 8 5 6 6 8 8 5 7 3 3 6 
3 9 1 2 9 2 1 2 3 9 9 8 9 2 9 1 6 2 5 4 6 3 7 7 0 4 4 8 6 7 0 0 0 7 9 3 8 5 4 8 
1 6 8 1 8 2 0 9 8 1 0 5 1 7 5 2 3 7 6 0 3 5 8 7 2 6 5 4 6 4 9 2 1 9 4 4 6 3 5 3 
3 4 3 6 1 5 2 7 3 5 0 6 3 0 4 1 6 5 4 3 4 0 9 4 0 1 3 6 9 8 4 0 6 6 1 0 1 8 4 5 
3 6 4 6 4 9 7 5 1 8 2 2 3 8 4 5 1 8 7 4 2 5 7 5 2 3 6 4 7 1 5 3 0 6 0 4 6 2 9 6 
4 2 7 3 8 0 3 3 1 6 4 5 9 8 8 4 6 6 2 3 5 7 3 7 4 7 5 1 4 8 6 9 0 0 6 8 3 3 0 2 
5 5 5 8 0 8 1 3 5 0 1 7 6 4 2 2 9 1 7 0 8 6 7 6 6 0 5 3 0 9 7 2 1 5 7 8 5 8 7 9 
3 3 8 3 8 3 7 4 2 9 4 8 5 5 5 8 5 0 9 4 9 5 4 7 8 8 8 5 5 0 7 0 1 0 3 2 2 1 6 6 
7 0 1 4 8 9 7 3 0 3 9 0 3 2 2 8 5 9 6 5 2 3 7 9 3 5 1 7 1 0 0 5 8 4 0 1 8 5 5 5 
1 2 2 3 2 9 2 0 3 7 5 9 8 1 0 4 3 8 1 9 7 7 7 2 5 7 1 9 2 3 1 9 7 1 1 3 4 9 4 4 
0 4 0 3 6 7 8 5 8 7 9 9 5 7 0 0 6 6 0 1 9 5 9 5 9 8 5 4 7 3 6 4 1 1 3 0 2 2 0 0 
3 9 7 3 8 6 4 9 2 9 2 0 0 0 2 1 3 8 8 9 1 3 8 3 4 8 5 5 5 8 1 7 5 9 0 2 6 9 0 8 

Resultado 2
626 949 818 804 978 899 954 799 542 992 821 791 732 814 706 810 898 880 950 724 862 839 854 966 914 863 955 829 689 744 739 636 657 755 712 735 883 801 835 869 
716 834 830 800 993 772 811 722 527 897 820 727 731 649 719 787 970 811 936 848 867 819 722 986 835 864 874 674 601 868 654 612 696 758 754 756 841 832 821 921 
600 859 716 802 981 898 801 736 635 921 820 883 688 664 670 671 899 925 935 750 859 850 932 959 847 867 805 848 737 754 650 620 624 780 656 635 934 881 755 883 
565 906 718 734 865 840 923 704 623 1002 833 733 651 600 657 652 896 837 881 754 774 759 782 913 821 689 935 761 739 656 601 587 639 780 653 668 887 765 676 788 
720 927 810 769 1070 843 880 868 593 973 818 859 784 732 796 720 932 963 998 793 865 903 1016 1040 875 828 923 847 798 803 785 611 733 979 768 748 1000 841 744 952 
668 888 814 915 1027 892 926 911 726 1089 873 939 845 878 767 816 1076 999 987 825 1019 955 964 1066 1061 919 1043 840 835 834 860 616 652 900 776 804 979 859 919 995 
597 884 729 763 811 857 824 715 576 873 725 703 670 551 679 585 840 913 764 731 790 730 788 863 797 719 763 686 574 759 603 507 616 744 686 672 862 790 732 771 
679 988 894 895 989 835 833 799 728 964 818 818 758 750 770 759 1075 917 1002 704 906 867 844 1073 807 861 932 796 772 879 681 696 686 741 761 725 999 845 889 955 
675 871 863 904 955 903 910 812 615 906 847 877 759 686 785 789 917 1001 924 774 922 903 871 1025 887 824 878 762 694 856 755 649 747 870 830 765 919 884 945 914 
641 968 803 829 801 894 854 728 674 912 714 672 589 687 706 618 913 920 945 726 768 690 817 994 820 719 804 676 623 826 648 707 690 761 692 675 861 738 815 816 
572 784 758 708 996 745 694 717 505 841 771 720 650 701 601 681 809 847 876 645 773 769 852 860 722 792 739 767 647 654 561 626 544 656 565 575 844 776 623 808 
704 871 813 871 988 873 925 799 592 953 904 782 745 756 706 669 956 1026 896 818 893 899 956 1046 837 796 816 666 712 878 692 709 761 847 790 636 951 812 810 856 
698 903 957 789 1040 836 979 855 665 976 814 776 653 771 816 794 940 1009 1033 820 802 862 838 1003 909 819 946 817 812 742 770 692 787 877 742 710 985 791 747 894 
746 999 950 880 1105 858 921 848 614 1030 871 818 858 761 816 826 1066 948 1003 883 965 910 849 1070 932 941 942 746 664 1009 719 760 794 820 859 809 917 940 897 1028 
755 1068 936 889 1084 834 964 838 645 1054 921 698 739 828 895 785 981 958 998 903 863 736 809 1060 824 929 878 767 754 923 705 741 743 788 795 769 975 724 852 941 
783 1071 1003 994 1121 968 993 896 739 1150 940 919 907 872 839 931 1136 1088 1117 868 1033 997 995 1241 1007 1050 1003 893 850 893 875 879 831 829 815 740 1063 898 982 1032 
676 990 929 878 1075 887 1079 863 745 1162 903 876 838 823 871 771 1028 1096 976 946 954 1007 937 1051 962 904 995 790 846 897 741 729 807 939 804 800 1078 921 861 1004 
631 873 784 790 908 741 936 650 465 842 826 712 571 639 676 663 859 849 842 767 819 726 744 892 791 772 772 619 590 784 608 508 639 783 668 675 799 754 663 795 
630 839 864 775 826 696 808 655 617 831 650 757 667 629 786 665 1002 796 930 653 790 774 609 936 796 741 841 624 643 860 617 625 601 701 714 699 823 778 776 850 
662 854 832 789 978 869 960 792 584 905 882 771 814 709 803 769 835 952 875 727 836 908 887 981 826 749 787 767 662 709 625 657 759 756 805 637 974 781 897 880 
578 859 700 727 821 734 685 602 531 864 698 673 581 622 658 581 822 789 712 698 779 612 652 788 736 809 727 644 485 762 576 581 576 611 637 678 806 667 585 725 
644 802 795 817 876 809 845 781 601 875 726 752 747 638 652 738 951 891 919 774 924 880 842 967 807 751 802 663 675 780 624 597 726 786 700 690 914 775 900 917 
759 1101 926 974 1096 989 982 813 676 1240 884 832 802 734 814 810 1138 1056 1042 930 927 904 980 1192 920 1052 1044 814 790 962 842 801 785 863 734 807 1066 957 850 982 
503 803 706 709 647 712 787 573 524 835 598 648 626 645 649 659 769 657 799 524 588 670 669 784 702 576 774 699 614 545 629 551 525 562 590 536 746 598 717 718 
650 1053 803 946 1026 884 925 815 793 1072 865 817 763 817 756 763 1081 1069 1005 834 958 831 915 1072 853 884 866 854 839 823 684 678 692 798 638 738 1103 850 848 999 
731 971 915 952 1032 964 974 874 796 1085 910 960 784 801 824 828 1149 1141 1106 881 987 997 993 1100 1058 902 960 899 868 835 796 714 769 1000 792 758 1047 915 903 1055 
681 858 796 795 894 816 763 745 501 715 755 693 672 604 637 735 830 957 881 761 716 803 750 907 776 727 675 664 567 779 635 727 711 729 791 633 796 728 832 771 
615 1069 866 827 959 770 835 738 722 1071 818 715 696 766 760 866 936 955 967 768 795 839 828 1005 837 887 882 745 724 667 753 746 698 758 605 698 934 750 828 914 
509 882 774 714 938 747 797 839 547 916 644 700 595 685 627 643 861 827 855 610 764 703 851 857 746 759 895 783 723 699 676 532 636 783 585 632 863 757 639 820 
682 1020 865 983 837 1012 956 780 815 1129 831 825 714 804 749 780 1076 1106 999 895 963 953 976 1048 976 848 934 794 781 796 721 743 817 900 696 752 1047 885 913 1032 
645 900 759 831 959 794 828 717 542 936 744 733 583 681 630 832 891 847 1025 780 827 759 833 968 876 864 769 697 634 745 673 614 647 781 699 593 837 697 826 873 
649 886 837 762 948 695 815 698 552 977 727 764 755 638 723 764 955 891 927 694 827 926 769 1002 817 815 828 734 632 788 667 675 695 839 705 683 1023 816 721 928 
556 944 754 795 905 863 859 788 676 1022 799 709 586 699 612 700 968 992 909 881 849 733 843 887 828 847 828 778 779 752 608 658 702 798 563 695 877 759 770 883 
519 799 785 758 785 792 838 753 645 868 785 684 693 670 608 746 876 898 700 652 815 883 712 839 814 701 860 704 620 611 630 550 650 709 667 719 849 755 767 769 
762 1046 911 956 1055 975 1058 831 664 1031 911 908 858 782 932 806 954 1055 1048 930 1004 922 891 1122 967 1001 874 885 791 840 677 718 750 832 816 776 1070 830 999 1030 
814 1166 1044 1008 1122 974 1052 858 643 1134 956 863 763 749 800 976 1099 1097 1117 953 988 990 824 1139 1020 1062 1060 861 735 913 820 829 923 958 837 793 1102 985 918 1122 
750 1051 980 994 1035 940 996 905 774 1093 979 839 761 773 781 881 1118 1073 1111 896 910 940 957 1111 976 909 930 877 829 876 724 846 850 911 823 712 1005 889 955 1004 
605 819 800 745 831 789 819 728 668 933 693 672 721 662 669 707 922 803 911 674 826 891 818 1007 882 718 859 662 584 729 618 720 714 790 740 719 904 713 798 866 
593 953 850 871 980 962 938 904 662 972 793 880 660 702 674 687 953 1009 960 790 966 866 922 1067 967 945 975 849 820 884 785 728 752 915 766 765 948 841 838 844 
553 796 807 716 821 786 778 656 587 871 777 704 655 748 714 663 870 716 797 627 784 761 738 828 734 739 855 784 677 613 548 595 572 649 689 698 769 622 661 809 

